RK,Name,Team,POS,GP,REC,TGTS,YDS,AVG,YDS/G,LNG,TD,20+,40+,FUM,LST,FD,YAC,DROP,CTCH%
1,Jaxon Smith-Njigba,SEA,WR,10,72,97,"1,146",15.9,114.6,61,5,,,2,1,52,276,,
2,George Pickens,DAL,WR,10,58,83,908,15.7,90.8,45,7,,,2,0,50,293,,
3,Ja'Marr Chase,CIN,WR,10,79,117,861,10.9,86.1,64,5,,,1,1,43,421,,
4,Puka Nacua,LAR,WR,9,73,87,850,11.6,94.4,39,4,,,1,1,43,317,,
5,Drake London,ATL,WR,9,60,94,810,13.5,90.0,43,6,,,1,1,39,223,,
6,Tetairoa McMillan,CAR,WR,11,54,89,748,13.9,68.0,40,4,,,0,0,44,215,,
7,Justin Jefferson,MIN,WR,10,56,93,747,13.3,74.7,50,2,,,0,0,32,312,,
8,Amon-Ra St. Brown,DET,WR,10,66,94,735,11.1,73.5,34,8,,,1,0,38,298,,
9,Christian McCaffrey,SF,RB,11,74,96,732,9.9,66.5,39,5,,,1,0,36,566,,
10,Jaylen Waddle,MIA,WR,11,49,73,722,14.7,65.6,46,5,,,0,0,35,170,,
11,Trey McBride,ARI,TE,10,71,99,718,10.1,71.8,31,7,,,0,0,38,304,,
12,Emeka Egbuka,TB,WR,10,45,85,717,15.9,71.7,77,6,,,0,0,27,249,,
13,Zay Flowers,BAL,WR,10,53,71,703,13.3,70.3,56,1,,,1,1,28,310,,
14,DeVonta Smith,PHI,WR,10,49,67,665,13.6,66.5,79,3,,,0,0,28,193,,
15,Chris Olave,NO,WR,10,60,95,664,11.1,66.4,62,4,,,0,0,27,151,,
16,Stefon Diggs,NE,WR,11,59,72,659,11.2,59.9,33,3,,,0,0,34,218,,
17,Courtland Sutton,DEN,WR,11,45,74,649,14.4,59.0,52,4,,,0,0,32,162,,
18,Ladd McConkey,LAC,WR,11,54,84,644,11.9,58.5,58,4,,,0,0,29,269,,
19,Nico Collins,HOU,WR,9,49,82,642,13.1,71.3,54,4,,,1,1,29,152,,
20,Wan'Dale Robinson,NYG,WR,11,57,88,638,11.2,58.0,50,2,,,0,0,25,264,,
21,Travis Kelce,KC,TE,10,50,66,631,12.6,63.1,44,4,,,0,0,33,339,,
22,Tyler Warren,IND,TE,10,50,67,617,12.3,61.7,41,3,,,0,0,30,373,,
23,Rome Odunze,CHI,WR,10,39,75,600,15.4,60.0,37,6,,,0,0,33,193,,
24,Keenan Allen,LAC,WR,11,56,86,592,10.6,53.8,31,4,,,1,0,36,175,,
25,Alec Pierce,IND,WR,8,28,52,585,20.9,73.1,50,1,,,0,0,24,72,,
26,Michael Pittman Jr.,IND,WR,10,54,70,580,10.7,58.0,27,6,,,0,0,35,185,,
27,Davante Adams,LAR,WR,10,43,86,569,13.2,56.9,44,10,,,0,0,35,86,,
28,Jameson Williams,DET,WR,10,31,50,562,18.1,56.2,64,5,,,0,0,26,244,,
29,CeeDee Lamb,DAL,WR,7,40,61,557,13.9,79.6,74,2,,,0,0,23,183,,
30,DK Metcalf,PIT,WR,10,37,62,551,14.9,55.1,80,5,,,0,0,26,309,,
31,Tee Higgins,CIN,WR,10,35,64,544,15.5,54.4,44,7,,,0,0,27,124,,
32,Rashid Shaheed,SEA/NO,WR,11,47,72,529,11.3,48.1,87,2,,,1,1,23,150,,
33,Marvin Harrison Jr.,ARI,WR,9,34,62,525,15.4,58.3,45,4,,,0,0,25,108,,
34,Troy Franklin,DEN,WR,11,46,81,509,11.1,46.3,42,5,,,1,1,24,224,,
35,Oronde Gadsden II,LAC,TE,9,37,49,507,13.7,56.3,53,2,,,1,1,20,177,,
36,Bijan Robinson,ATL,RB,10,47,59,506,10.8,50.6,69,2,,,0,0,21,463,,
37,Tre Tucker,LV,WR,10,38,54,502,13.2,50.2,61,5,,,0,0,23,219,,
37,Quentin Johnston,LAC,WR,10,37,66,502,13.6,50.2,60,6,,,1,1,18,189,,
39,Romeo Doubs,GB,WR,10,39,64,499,12.8,49.9,48,4,,,0,0,30,110,,
40,Juwan Johnson,NO,TE,10,43,60,491,11.4,49.1,52,3,,,1,1,24,230,,
41,Dalton Schultz,HOU,TE,10,51,68,489,9.6,48.9,47,1,,,0,0,26,227,,
41,Sam LaPorta,DET,TE,9,40,49,489,12.2,54.3,40,3,,,0,0,23,274,,
41,Tucker Kraft,GB,TE,8,32,44,489,15.3,61.1,59,6,,,0,0,22,344,,
44,Kendrick Bourne,SF,WR,10,31,42,482,15.5,48.2,56,0,,,0,0,23,149,,
45,Deebo Samuel,WSH,WR,10,53,68,470,8.9,47.0,28,5,,,1,0,19,294,,
46,Jakobi Meyers,LV/JAX,WR,9,41,58,457,11.1,50.8,45,0,,,0,0,21,182,,
46,A.J. Brown,PHI,WR,9,38,65,457,12.0,50.8,45,3,,,0,0,18,108,,
48,Brock Bowers,LV,TE,7,39,55,455,11.7,65.0,38,3,,,0,0,21,221,,
49,Khalil Shakir,BUF,WR,10,46,61,454,9.9,45.4,54,3,,,0,0,21,360,,
50,Dalton Kincaid,BUF,TE,8,29,36,448,15.4,56.0,47,4,,,1,0,21,195,,
51,Kyle Pitts Sr.,ATL,TE,10,47,62,434,9.2,43.4,26,1,,,0,0,22,177,,
52,Kayshon Boutte,NE,WR,9,23,31,431,18.7,47.9,39,5,,,0,0,20,22,,
53,Hollywood Brown,KC,WR,10,38,57,429,11.3,42.9,49,4,,,1,0,22,126,,
54,Hunter Henry,NE,TE,11,34,53,422,12.4,38.4,31,4,,,0,0,24,170,,
54,Harold Fannin Jr.,CLE,TE,10,44,63,422,9.6,42.2,25,2,,,0,0,19,195,,
56,DJ Moore,CHI,WR,10,31,51,421,13.6,42.1,42,1,,,1,1,19,184,,
57,Brian Thomas Jr.,JAX,WR,8,30,60,420,14.0,52.5,46,1,,,0,0,19,112,,
58,Michael Wilson,ARI,WR,10,37,56,416,11.2,41.6,50,1,,,0,0,22,122,,
59,Jordan Addison,MIN,WR,7,28,52,412,14.7,58.9,81,3,,,0,0,18,96,,
60,Jake Ferguson,DAL,TE,10,60,71,400,6.7,40.0,26,7,,,1,1,19,220,,
61,Garrett Wilson,NYJ,WR,8,36,59,395,11.0,49.4,33,4,,,1,0,18,100,,
62,Cooper Kupp,SEA,WR,9,29,42,390,13.4,43.3,67,1,,,0,0,16,194,,
63,Zach Ertz,WSH,TE,11,39,57,387,9.9,35.2,30,4,,,1,0,18,82,,
63,Mack Hollins,NE,WR,11,30,38,387,12.9,35.2,54,2,,,0,0,21,87,,
65,Cade Otton,TB,TE,10,37,53,381,10.3,38.1,27,0,,,0,0,17,205,,
66,Jauan Jennings,SF,WR,9,32,56,378,11.8,42.0,42,3,,,1,1,19,119,,
67,Tyquan Thornton,KC,WR,10,15,30,372,24.8,37.2,61,3,,,0,0,12,54,,
68,De'Von Achane,MIA,RB,11,54,71,370,6.9,33.6,29,4,,,0,0,17,450,,
69,Dallas Goedert,PHI,TE,9,36,50,356,9.9,39.6,36,7,,,0,0,20,117,,
69,Jerry Jeudy,CLE,WR,10,31,73,356,11.5,35.6,33,1,,,0,0,21,94,,
71,Theo Johnson,NYG,TE,11,36,55,350,9.7,31.8,41,5,,,0,0,19,141,,
71,Parker Washington,JAX,WR,10,30,53,350,11.7,35.0,40,2,,,0,0,18,94,,
73,Sterling Shepard,TB,WR,10,34,45,349,10.3,34.9,36,1,,,1,1,17,135,,
74,Darius Slayton,NYG,WR,8,23,34,343,14.9,42.9,52,0,,,1,1,11,119,,
75,Chig Okonkwo,TEN,TE,10,32,42,337,10.5,33.7,39,0,,,0,0,14,184,,
76,Jahmyr Gibbs,DET,RB,10,37,43,334,9.0,33.4,42,2,,,0,0,14,384,,
76,Elic Ayomanor,TEN,WR,10,28,59,334,11.9,33.4,33,2,,,0,0,20,83,,
78,DeMario Douglas,NE,WR,11,23,35,332,14.4,30.2,58,3,,,0,0,13,149,,
79,Keon Coleman,BUF,WR,9,32,49,330,10.3,36.7,35,3,,,1,1,21,59,,
80,Colston Loveland,CHI,TE,9,24,33,329,13.7,36.6,58,2,,,0,0,14,142,,
81,Ricky Pearsall,SF,WR,5,21,32,327,15.6,65.4,45,0,,,0,0,16,25,,
82,Jalen Nailor,MIN,WR,10,20,37,318,15.9,31.8,62,2,,,0,0,16,83,,
83,Josh Downs,IND,WR,9,36,48,316,8.8,35.1,29,3,,,0,0,23,81,,
84,AJ Barner,SEA,TE,10,31,37,306,9.9,30.6,61,4,,,2,0,15,136,,
85,Calvin Ridley,TEN,WR,7,17,36,303,17.8,43.3,47,0,,,0,0,13,84,,
86,Travis Hunter,JAX,WR,7,28,45,298,10.6,42.6,44,1,,,1,0,12,140,,
87,JuJu Smith-Schuster,KC,WR,10,25,30,291,11.6,29.1,30,1,,,0,0,15,173,,
88,David Njoku,CLE,TE,9,30,45,288,9.6,32.0,23,3,,,0,0,10,158,,
89,Matthew Golden,GB,WR,9,24,32,286,11.9,31.8,46,0,,,0,0,12,86,,
90,Xavier Worthy,KC,WR,8,27,45,281,10.4,35.1,37,1,,,0,0,13,114,,
91,T.J. Hockenson,MIN,TE,10,34,47,280,8.2,28.0,21,2,,,0,0,14,157,,
92,Pat Freiermuth,PIT,TE,10,23,29,279,12.1,27.9,68,3,,,0,0,10,141,,
93,Mark Andrews,BAL,TE,10,32,43,276,8.6,27.6,27,5,,,1,0,18,66,,
93,Mason Taylor,NYJ,TE,10,34,48,276,8.1,27.6,27,1,,,0,0,18,89,,
95,Malik Nabers,NYG,WR,4,18,35,271,15.1,67.8,48,2,,,0,0,11,52,,
96,Tyreek Hill,MIA,WR,4,21,29,265,12.6,66.3,47,1,,,0,0,17,57,,
97,Xavier Legette,CAR,WR,9,24,46,264,11.0,29.3,36,3,,,1,0,12,61,,
97,Xavier Hutchinson,HOU,WR,10,24,34,264,11.0,26.4,30,3,,,0,0,12,67,,
99,Tez Johnson,TB,WR,9,20,33,261,13.1,29.0,45,4,,,0,0,12,87,,
100,Evan Engram,DEN,TE,10,32,50,260,8.1,26.0,20,1,,,0,0,14,178,,
100,Jonathan Taylor,IND,RB,10,30,32,260,8.7,26.0,43,2,,,1,0,11,294,,
102,Noah Fant,CIN,TE,9,30,34,256,8.5,28.4,25,3,,,2,2,12,145,,
102,Andrei Iosivas,CIN,WR,10,19,35,256,13.5,25.6,37,1,,,0,0,12,68,,
102,Jayden Higgins,HOU,WR,10,23,36,256,11.1,25.6,28,3,,,0,0,14,51,,
105,Rashee Rice,KC,WR,4,26,35,253,9.7,63.3,29,3,,,1,0,15,151,,
106,George Kittle,SF,TE,6,27,30,251,9.3,41.8,30,5,,,0,0,16,81,,
106,Joshua Palmer,BUF,WR,7,16,25,251,15.7,35.9,45,0,,,0,0,11,46,,
108,Luther Burden III,CHI,WR,9,19,23,249,13.1,27.7,65,1,,,0,0,8,123,,
109,Olamide Zaccheaus,CHI,WR,10,32,50,248,7.8,24.8,16,1,,,0,0,11,107,,
110,Calvin Austin III,PIT,WR,8,22,37,242,11.0,30.3,30,2,,,0,0,9,85,,
111,Josh Jacobs,GB,RB,10,28,35,237,8.5,23.7,31,0,,,0,0,7,269,,
112,Christian Watson,GB,WR,4,12,17,234,19.5,58.5,52,2,,,0,0,10,23,,
112,Malik Washington,MIA,WR,11,33,47,234,7.1,21.3,28,2,,,0,0,12,184,,
112,Marvin Mims Jr.,DEN,WR,9,22,32,234,10.6,26.0,31,1,,,0,0,9,133,,
115,Pat Bryant,DEN,WR,11,15,25,231,15.4,21.0,48,1,,,0,0,13,83,,
116,Chase Brown,CIN,RB,10,39,53,229,5.9,22.9,21,1,,,1,0,9,234,,
117,Jake Tonges,SF,TE,11,26,35,226,8.7,20.5,23,4,,,0,0,14,129,,
117,Breece Hall,NYJ,RB,10,24,33,226,9.4,22.6,42,1,,,0,0,8,188,,
119,Jaylin Lane,WSH,WR,11,16,30,225,14.1,20.5,41,0,,,0,0,10,39,,
120,Darnell Mooney,ATL,WR,8,16,42,224,14.0,28.0,38,0,,,1,0,13,27,,
121,DeAndre Hopkins,BAL,WR,10,13,23,219,16.8,21.9,41,2,,,0,0,9,34,,
121,Dyami Brown,JAX,WR,9,19,36,219,11.5,24.3,39,1,,,0,0,12,31,,
121,Jaylen Warren,PIT,RB,9,25,28,219,8.8,24.3,65,1,,,0,0,10,263,,
124,Gunnar Helm,TEN,TE,10,24,30,216,9.0,21.6,22,1,,,0,0,13,73,,
125,D'Andre Swift,CHI,RB,9,23,33,210,9.1,23.3,55,1,,,0,0,8,251,,
126,Darnell Washington,PIT,TE,10,18,26,209,11.6,20.9,36,1,,,1,0,11,124,,
126,Jaylin Noel,HOU,WR,10,19,25,209,11.0,20.9,44,1,,,0,0,11,79,,
128,Chimere Dike,TEN,WR,10,23,36,208,9.0,20.8,38,1,,,0,0,10,114,,
129,Saquon Barkley,PHI,RB,10,28,33,207,7.4,20.7,47,2,,,0,0,8,227,,
129,Cam Skattebo,NYG,RB,8,24,32,207,8.6,25.9,21,2,,,0,0,11,209,,
131,Kenneth Gainwell,PIT,RB,10,36,42,204,5.7,20.4,28,2,,,1,1,9,255,,
131,Brenton Strange,JAX,TE,5,20,24,204,10.2,40.8,24,0,,,0,0,10,103,,
133,Terry McLaurin,WSH,WR,4,13,21,203,15.6,50.8,56,1,,,0,0,11,35,,
133,Luke McCaffrey,WSH,WR,9,11,15,203,18.5,22.6,50,3,,,0,0,6,69,,
135,Daniel Bellinger,NYG,TE,10,12,15,202,16.8,20.2,44,1,,,0,0,9,60,,
136,Ryan Flournoy,DAL,WR,10,17,25,200,11.8,20.0,46,2,,,0,0,13,79,,
137,Rico Dowdle,CAR,RB,11,23,30,197,8.6,17.9,36,1,,,1,0,11,220,,
138,RJ Harvey,DEN,RB,11,28,32,195,7.0,17.7,27,4,,,0,0,9,194,,
139,Rashod Bateman,BAL,WR,9,16,31,194,12.1,21.6,36,2,,,0,0,10,36,,
139,Jahan Dotson,PHI,WR,10,10,17,194,19.4,19.4,51,1,,,0,0,6,40,,
141,Bucky Irving,TB,RB,4,19,19,193,10.2,48.3,72,2,,,0,0,7,234,,
142,Chris Moore,WSH,WR,10,10,22,192,19.2,19.2,44,1,,,0,0,9,46,,
142,Cole Kmet,CHI,TE,9,16,28,192,12.0,21.3,31,1,,,0,0,9,71,,
144,Tyler Higbee,LAR,TE,9,20,30,190,9.5,21.1,24,2,,,0,0,12,129,,
144,James Cook III,BUF,RB,10,21,23,190,9.0,19.0,51,1,,,0,0,6,160,,
144,Woody Marks,HOU,RB,10,16,25,190,11.9,19.0,50,2,,,0,0,6,192,,
147,Van Jefferson,TEN,WR,10,17,33,189,11.1,18.9,23,1,,,0,0,12,52,,
148,Tyler Johnson,NYJ,WR,9,10,16,187,18.7,20.8,35,1,,,0,0,8,60,,
149,KaVontae Turpin,DAL,WR,8,16,24,184,11.5,23.0,37,1,,,0,0,10,69,,
149,Tommy Tremble,CAR,TE,11,19,25,184,9.7,16.7,54,1,,,0,0,6,130,,
151,Zay Jones,ARI,WR,8,12,18,183,15.3,22.9,43,0,,,0,0,7,36,,
152,Alvin Kamara,NO,RB,10,31,37,182,5.9,18.2,26,0,,,1,1,7,190,,
152,Kyren Williams,LAR,RB,10,23,31,182,7.9,18.2,30,3,,,0,0,8,96,,
154,Dontayvion Wicks,GB,WR,8,18,30,181,10.1,22.6,20,0,,,0,0,13,35,,
155,Dawson Knox,BUF,TE,10,13,21,178,13.7,17.8,30,1,,,0,0,8,64,,
156,Austin Hooper,NE,TE,10,13,15,174,13.4,17.4,31,1,,,0,0,9,76,,
156,Elijah Arroyo,SEA,TE,10,14,22,174,12.4,17.4,32,1,,,1,1,7,75,,
158,Tyrell Shavers,BUF,WR,10,11,17,172,15.6,17.2,43,1,,,0,0,7,55,,
158,Jalen Tolbert,DAL,WR,10,14,25,172,12.3,17.2,35,1,,,0,0,9,35,,
160,Ja'Tavion Sanders,CAR,TE,8,24,29,170,7.1,21.3,18,0,,,0,0,7,80,,
161,Justice Hill,BAL,RB,9,21,27,169,8.0,18.8,37,1,,,0,0,6,184,,
161,Cedric Tillman,CLE,WR,6,16,28,169,10.6,28.2,26,2,,,0,0,10,31,,
161,Rhamondre Stevenson,NE,RB,8,16,19,169,10.6,21.1,55,0,,,1,1,4,127,,
164,Michael Mayer,LV,TE,8,21,31,168,8.0,21.0,22,1,,,0,0,11,110,,
165,Roman Wilson,PIT,WR,10,12,17,166,13.8,16.6,45,2,,,1,1,7,66,,
166,Brandin Cooks,NO,WR,10,19,25,165,8.7,16.5,21,0,,,0,0,10,37,,
166,TreVeyon Henderson,NE,RB,11,26,30,165,6.3,15.0,19,1,,,0,0,6,185,,
168,Tutu Atwell,LAR,WR,6,4,9,164,41.0,27.3,88,1,,,0,0,3,61,,
169,Jonnu Smith,PIT,TE,10,26,38,163,6.3,16.3,21,2,,,1,0,8,131,,
169,Ashton Jeanty,LV,RB,10,29,38,163,5.6,16.3,29,3,,,1,0,7,252,,
171,Elijah Higgins,ARI,TE,10,16,20,162,10.1,16.2,27,0,,,1,1,7,120,,
171,Adonai Mitchell,IND/NYJ,WR,9,10,22,162,16.2,18.0,75,0,,,1,1,3,52,,
173,Tory Horton,SEA,WR,8,13,22,161,12.4,20.1,25,5,,,0,0,7,33,,
174,Kyle Juszczyk,SF,FB,11,18,21,160,8.9,14.5,25,1,,,0,0,7,92,,
175,Demarcus Robinson,SF,WR,8,12,23,155,12.9,19.4,31,0,,,0,0,9,23,,
176,Jeremy McNichols,WSH,RB,11,15,20,149,9.9,13.5,24,0,,,0,0,8,154,,
177,Tyler Lockett,LV/TEN,WR,10,18,31,147,8.2,14.7,19,0,,,0,0,7,58,,
177,Tony Pollard,TEN,RB,10,22,27,147,6.7,14.7,29,0,,,0,0,8,133,,
179,Christian Kirk,HOU,WR,6,16,31,144,9.0,24.0,47,0,,,0,0,7,49,,
179,Rachaad White,TB,RB,10,28,32,144,5.1,14.4,18,0,,,0,0,8,213,,
181,Mike Evans,TB,WR,4,14,31,140,10.0,35.0,22,1,,,0,0,10,18,,
182,Greg Dortch,ARI,WR,10,21,22,139,6.6,13.9,17,2,,,0,0,6,125,,
183,Tyrone Tracy Jr.,NYG,RB,9,18,26,138,7.7,15.3,20,0,,,0,0,6,167,,
183,Terrance Ferguson,LAR,TE,8,5,11,138,27.6,17.3,36,1,,,0,0,5,33,,
185,Tre' Harris,LAC,WR,11,16,20,137,8.6,12.5,24,1,,,0,0,8,70,,
186,Omarion Hampton,LAC,RB,5,20,22,136,6.8,27.2,22,0,,,1,0,5,164,,
186,Dylan Sampson,CLE,RB,10,21,25,136,6.5,13.6,14,1,,,0,0,6,152,,
188,Brycen Tremayne,CAR,WR,10,12,15,133,11.1,13.3,26,0,,,1,0,6,46,,
189,Travis Etienne Jr.,JAX,RB,10,21,33,130,6.2,13.0,16,1,,,0,0,6,174,,
189,Jordan Whittington,LAR,WR,10,13,18,130,10.0,13.0,40,0,,,0,0,5,64,,
189,Brashard Smith,KC,RB,10,16,22,130,8.1,13.0,17,0,,,0,0,5,172,,
192,Tyjae Spears,TEN,RB,6,18,19,127,7.1,21.2,26,0,,,0,0,3,149,,
192,Kenneth Walker III,SEA,RB,10,14,15,127,9.1,12.7,29,0,,,0,0,5,126,,
194,Chuba Hubbard,CAR,RB,9,17,26,126,7.4,14.0,27,2,,,0,0,7,158,,
195,Colby Parkinson,LAR,TE,8,15,17,123,8.2,15.4,23,2,,,1,1,8,82,,
195,Isaiah Bond,CLE,WR,9,11,31,123,11.2,13.7,35,0,,,0,0,5,37,,
197,Jeremy Ruckert,NYJ,TE,10,14,16,119,8.5,11.9,24,1,,,0,0,6,67,,
198,Isaiah Likely,BAL,TE,7,12,17,118,9.8,16.9,35,0,,,1,0,5,47,,
198,Mitchell Evans,CAR,TE,11,11,14,118,10.7,10.7,25,2,,,0,0,7,60,,
198,Isaiah Davis,NYJ,RB,10,15,21,118,7.9,11.8,26,0,,,0,0,6,111,,
198,Jalen Coker,CAR,WR,5,11,15,118,10.7,23.6,22,0,,,0,0,8,24,,
202,Darren Waller,MIA,TE,4,10,12,117,11.7,29.3,34,4,,,0,0,9,27,,
203,Ty Johnson,BUF,RB,10,8,13,116,14.5,11.6,52,1,,,1,0,5,143,,
203,David Montgomery,DET,RB,10,15,19,116,7.7,11.6,23,0,,,0,0,8,123,,
205,Elijah Moore,BUF,WR,8,8,14,115,14.4,14.4,31,0,,,0,0,4,58,,
206,Kalif Raymond,DET,WR,10,13,17,113,8.7,11.3,18,0,,,0,0,6,57,,
206,Jackson Hawes,BUF,TE,10,8,11,113,14.1,11.3,29,2,,,0,0,7,37,,
208,Aaron Jones Sr.,MIN,RB,6,13,22,112,8.6,18.7,27,1,,,1,0,6,105,,
209,Luke Musgrave,GB,TE,10,13,15,110,8.5,11.0,23,0,,,1,0,4,34,,
210,Noah Gray,KC,TE,10,13,24,107,8.2,10.7,28,0,,,0,0,6,78,,
210,Jamari Thrash,CLE,WR,9,10,15,107,10.7,11.9,23,0,,,0,0,5,39,,
212,Davis Allen,LAR,TE,10,13,16,104,8.0,10.4,20,3,,,0,0,8,56,,
213,Josh Reynolds,NYJ,WR,5,11,21,101,9.2,20.2,13,0,,,0,0,4,14,,
214,Michael Carter,ARI,RB,6,14,19,99,7.1,16.5,16,0,,,0,0,5,94,,
215,Dont'e Thornton Jr.,LV,WR,9,6,21,98,16.3,10.9,36,0,,,0,0,4,23,,
216,Kyle Monangai,CHI,RB,10,10,16,97,9.7,9.7,25,0,,,0,0,5,101,,
217,Tyler Conklin,LAC,TE,11,6,9,95,15.8,8.6,33,0,,,1,0,3,55,,
218,Casey Washington,ATL,WR,7,6,14,94,15.7,13.4,25,0,,,0,0,6,12,,
219,Adam Trautman,DEN,TE,11,11,12,93,8.5,8.5,26,1,,,0,0,5,61,,
219,Javonte Williams,DAL,RB,10,26,36,93,3.6,9.3,11,1,,,1,1,4,133,,
221,Devin Singletary,NYG,RB,11,9,10,92,10.2,8.4,41,0,,,0,0,2,83,,
221,Jack Bech,LV,WR,10,8,12,92,11.5,9.2,23,0,,,0,0,6,38,,
221,Kyle Williams,NE,WR,11,3,11,92,30.7,8.4,72,1,,,0,0,2,60,,
224,Tanner Conner,MIA,TE,9,9,15,91,10.1,10.1,28,0,,,0,0,3,39,,
224,Julian Hill,MIA,TE,8,11,14,91,8.3,11.4,19,0,,,0,0,3,74,,
226,Hunter Renfrow,CAR,WR,6,15,26,89,5.9,14.8,15,2,,,0,0,8,24,,
226,Nick Westbrook-Ikhine,MIA,WR,11,11,19,89,8.1,8.1,18,0,,,0,0,8,28,,
226,Greg Dulcich,MIA,TE,4,8,13,89,11.1,22.3,22,0,,,0,0,4,49,,
229,Charlie Kolar,BAL,TE,10,7,11,88,12.6,8.8,23,2,,,0,0,6,35,,
230,Tyler Badie,DEN,RB,10,11,19,87,7.9,8.7,19,0,,,0,0,6,122,,
231,Bam Knight,ARI,RB,8,12,17,86,7.2,10.8,20,0,,,0,0,6,85,,
231,Malik Heath,GB,WR,9,6,6,86,14.3,9.6,37,0,,,0,0,4,29,,
233,Hunter Long,JAX,TE,8,12,17,85,7.1,10.6,11,2,,,1,0,5,31,,
233,Xavier Smith,LAR,WR,10,7,10,85,12.1,8.5,36,0,,,0,0,3,28,,
235,Tanner Hudson,CIN,TE,8,10,12,83,8.3,10.4,33,1,,,0,0,3,40,,
235,Johnny Mundt,JAX,TE,10,7,15,83,11.9,8.3,21,0,,,0,0,4,58,,
235,Tim Patrick,JAX,WR,9,7,10,83,11.9,9.2,26,2,,,0,0,5,34,,
238,Luke Farrell,SF,TE,11,10,12,82,8.2,7.5,11,2,,,1,1,6,52,,
239,Curtis Samuel,BUF,WR,6,7,9,81,11.6,13.5,21,1,,,0,0,5,27,,
240,Brock Wright,DET,TE,10,11,18,79,7.2,7.9,14,2,,,0,0,5,61,,
241,Savion Williams,GB,WR,10,10,10,78,7.8,7.8,33,1,,,0,0,3,61,,
242,Jerome Ford,CLE,RB,10,21,26,76,3.6,7.6,17,0,,,0,0,2,109,,
243,Derrick Henry,BAL,RB,10,11,15,74,6.7,7.4,13,0,,,0,0,2,68,,
244,Zavier Scott,MIN,RB,9,10,12,73,7.3,8.1,20,1,,,0,0,5,67,,
245,Treylon Burks,WSH,WR,2,4,4,72,18.0,36.0,37,0,,,0,0,3,13,,
246,Quinshon Judkins,CLE,RB,9,14,20,70,5.0,7.8,18,0,,,0,0,3,68,,
247,Adam Thielen,MIN,WR,10,8,17,69,8.6,6.9,19,0,,,0,0,6,10,,
247,Ray-Ray McCloud III,ATL/NYG,WR,6,7,15,69,9.9,11.5,24,0,,,0,0,4,51,,
247,Emanuel Wilson,GB,RB,10,11,13,69,6.3,6.9,25,0,,,1,0,3,102,,
250,Jacory Croskey-Merritt,WSH,RB,11,9,13,68,7.6,6.2,28,0,,,0,0,3,77,,
251,Zach Charbonnet,SEA,RB,9,9,10,67,7.4,7.4,21,0,,,0,0,3,53,,
252,Kareem Hunt,KC,RB,10,10,13,66,6.6,6.6,13,1,,,0,0,5,75,,
252,John Metchie III,NYJ/PHI,WR,9,8,8,66,8.3,7.3,22,1,,,0,0,5,25,,
252,Jimmy Horn Jr.,CAR,WR,7,6,10,66,11.0,9.4,34,0,,,0,0,2,30,,
255,Isaac TeSlaa,DET,WR,10,4,8,65,16.3,6.5,29,2,,,0,0,4,2,,
256,Emari Demercado,ARI,RB,9,8,12,64,8.0,7.1,34,1,,,0,0,2,70,,
256,Trey Benson,ARI,RB,4,13,16,64,4.9,16.0,12,0,,,0,0,2,73,,
256,Skyy Moore,SF,WR,11,4,6,64,16.0,5.8,21,0,,,0,0,4,27,,
256,Kameron Johnson,TB,WR,10,4,6,64,16.0,6.4,34,1,,,0,0,3,20,,
260,Luke Schoonmaker,DAL,TE,10,8,15,63,7.9,6.3,14,0,,,0,0,3,36,,
261,Dee Eskridge,MIA,WR,9,4,7,62,15.5,6.9,40,0,,,0,0,3,9,,
261,John Bates,WSH,TE,9,6,10,62,10.3,6.9,22,0,,,0,0,3,39,,
263,Mike Gesicki,CIN,TE,6,8,16,61,7.6,10.2,15,0,,,0,0,3,11,,
263,Bhayshul Tuten,JAX,RB,10,8,11,61,7.6,6.1,24,1,,,0,0,2,77,,
265,Cody White,SEA,WR,4,1,2,60,60.0,15.0,60,1,,,0,0,1,42,,
265,Devontez Walker,BAL,WR,6,3,3,60,20.0,10.0,34,2,,,0,0,3,2,,
267,Nick Chubb,HOU,RB,10,11,18,59,5.4,5.9,27,0,,,0,0,1,58,,
268,Josh Oliver,MIN,TE,8,6,8,58,9.7,7.3,32,2,,,0,0,2,41,,
268,Ashton Dulin,IND,WR,9,4,7,58,14.5,6.4,35,0,,,0,0,3,11,,
270,Isaiah Hodgins,NYG,WR,1,5,6,57,11.4,57.0,20,0,,,0,0,4,8,,
271,Hunter Luepke,DAL,RB,10,7,8,56,8.0,5.6,15,1,,,0,0,4,61,,
272,Lil'Jordan Humphrey,DEN/NYG,WR,4,4,10,55,13.8,13.8,34,0,,,0,0,2,2,,
273,Chris Brooks,GB,RB,10,7,9,54,7.7,5.4,16,0,,,0,0,2,65,,
273,Devaughn Vele,NO,WR,9,6,13,54,9.0,6.0,15,1,,,0,0,4,9,,
275,Robbie Chosen,WSH,WR,3,5,9,53,10.6,17.7,17,0,,,0,0,2,5,,
275,Ian Thomas,LV,TE,10,6,6,53,8.8,5.3,20,0,,,0,0,2,28,,
277,Chris Godwin Jr.,TB,WR,2,6,14,52,8.7,26.0,13,0,,,0,0,3,22,,
277,Kimani Vidal,LAC,RB,8,12,16,52,4.3,6.5,13,1,,,0,0,3,79,,
279,Mo Alie-Cox,IND,TE,10,4,8,50,12.5,5.0,20,0,,,0,0,2,42,,
280,Mitchell Tinsley,CIN,WR,10,3,6,49,16.3,4.9,27,1,,,0,0,2,7,,
281,Nate Adkins,DEN,TE,6,6,10,48,8.0,8.0,16,1,,,0,0,3,26,,
281,Dareke Young,SEA,WR,6,2,2,48,24.0,8.0,36,0,,,0,0,2,0,,
283,Arian Smith,NYJ,WR,10,6,10,47,7.8,4.7,23,0,,,0,0,4,20,,
284,Austin Trammell,JAX,WR,3,3,5,46,15.3,15.3,18,0,,,0,0,2,2,,
285,Raheem Mostert,LV,RB,7,6,6,45,7.5,6.4,14,0,,,0,0,4,58,,
285,Allen Lazard,NYJ,WR,6,7,11,45,6.4,7.5,9,1,,,0,0,2,27,,
285,Tylan Wallace,BAL,WR,10,4,7,45,11.3,4.5,15,1,,,0,0,3,17,,
285,Jayden Reed,GB,WR,2,3,5,45,15.0,22.5,26,1,,,0,0,2,14,,
289,Jordan Mason,MIN,RB,10,12,14,44,3.7,4.4,13,0,,,0,0,1,86,,
290,Will Dissly,LAC,TE,4,4,5,43,10.8,10.8,18,0,,,0,0,2,34,,
290,Isiah Pacheco,KC,RB,8,11,17,43,3.9,5.4,10,1,,,0,0,3,71,,
292,LeQuint Allen Jr.,JAX,RB,10,7,8,41,5.9,4.1,10,0,,,0,0,0,39,,
293,Marquez Valdes-Scantling,SF,WR,5,4,8,40,10.0,8.0,19,0,,,0,0,1,4,,
293,Grant Calcaterra,PHI,TE,8,4,7,40,10.0,5.0,16,0,,,0,0,2,24,,
293,Gabe Davis,BUF,WR,1,3,4,40,13.3,40.0,22,0,,,0,0,3,12,,
296,James Conner,ARI,RB,3,8,9,38,4.8,12.7,18,1,,,0,0,4,68,,
296,Austin Ekeler,WSH,RB,2,5,7,38,7.6,19.0,15,0,,,0,0,2,49,,
298,Braxton Berrios,HOU,WR,4,6,8,37,6.2,9.3,14,0,,,0,0,3,18,,
298,J.K. Dobbins,DEN,RB,10,11,14,37,3.4,3.7,9,0,,,0,0,0,56,,
298,Isaiah Williams,NYJ,WR,8,5,9,37,7.4,4.6,15,0,,,0,0,2,32,,
301,Dare Ogunbowale,HOU,RB,10,5,6,36,7.2,3.6,16,0,,,1,1,1,33,,
301,Noah Brown,WSH,WR,2,3,7,36,12.0,18.0,18,0,,,0,0,1,9,,
301,Alec Ingold,MIA,FB,11,5,7,36,7.2,3.3,22,0,,,0,0,3,29,,
301,Albert Okwuegbunam Jr.,LV,TE,1,5,6,36,7.2,36.0,16,0,,,0,0,2,34,,
305,Ben Skowronek,PIT,WR,10,2,3,35,17.5,3.5,22,1,,,0,0,2,20,,
305,Keaton Mitchell,BAL,RB,6,4,5,35,8.8,5.8,17,0,,,0,0,1,49,,
305,Jalin Hyatt,NYG,WR,7,5,13,35,7.0,5.0,14,0,,,0,0,2,2,,
308,David Sills V,ATL,WR,10,4,9,34,8.5,3.4,12,0,,,0,0,1,9,,
308,Ryan Miller,TB,WR,10,2,4,34,17.0,3.4,20,1,,,0,0,1,0,,
310,Ben Sinnott,WSH,TE,10,3,3,33,11.0,3.3,22,1,,,0,0,2,22,,
311,KhaDarel Hodge,ATL,WR,9,3,10,31,10.3,3.4,16,0,,,0,0,2,9,,
311,Adam Prentice,DEN,FB,11,3,5,31,10.3,2.8,14,0,,,0,0,1,25,,
313,Ameer Abdullah,IND,RB,6,5,5,30,6.0,5.0,9,0,,,0,0,0,25,,
313,Samaje Perine,CIN,RB,9,7,9,30,4.3,3.3,16,0,,,0,0,2,38,,
313,Justin Watson,HOU,WR,2,3,4,30,10.0,15.0,15,0,,,0,0,1,14,,
313,Miles Sanders,DAL,RB,4,8,8,30,3.8,7.5,9,0,,,0,0,0,44,,
313,Sean Tucker,TB,RB,10,7,8,30,4.3,3.0,28,1,,,0,0,1,43,,
313,Kendre Miller,NO,RB,7,5,5,30,6.0,4.3,11,0,,,0,0,1,35,,
313,Ollie Gordon II,MIA,RB,11,6,8,30,5.0,2.7,20,1,,,0,0,1,46,,
320,John FitzPatrick,GB,TE,10,6,6,29,4.8,2.9,9,1,,,0,0,2,18,,
321,Jack Stoll,NO,TE,9,3,6,28,9.3,3.1,13,1,,,0,0,1,10,,
321,Bo Melton,GB,CB,9,2,5,28,14.0,3.1,18,0,,,0,0,2,1,,
321,James Mitchell,CAR,TE,3,3,3,28,9.3,9.3,11,0,,,0,0,2,21,,
321,Will Shipley,PHI,RB,8,4,6,28,7.0,3.5,11,0,,,0,0,1,31,,
325,Tyler Allgeier,ATL,RB,10,7,8,26,3.7,2.6,6,0,,,0,0,1,31,,
325,Jordan Watkins,SF,WR,3,2,3,26,13.0,8.7,19,0,,,0,0,1,1,,
325,Malachi Corley,CLE,WR,6,4,5,26,6.5,4.3,17,0,,,0,0,1,28,,
328,Foster Moreau,NO,TE,6,3,5,25,8.3,4.2,10,0,,,0,0,1,15,,
328,Najee Harris,LAC,RB,3,3,3,25,8.3,8.3,11,0,,,0,0,1,15,,
328,Beaux Collins,NYG,WR,9,2,6,25,12.5,2.8,18,0,,,0,0,1,6,,
328,Jacoby Jones,WSH,WR,1,1,1,25,25.0,25.0,25,0,,,0,0,1,22,,
332,Drew Sample,CIN,TE,10,5,9,24,4.8,2.4,16,1,,,0,0,2,22,,
332,Gunner Olszewski,NYG,WR,11,1,3,24,24.0,2.2,24,1,,,0,0,1,1,,
334,Tay Martin,WSH,WR,3,2,2,23,11.5,7.7,14,0,,,0,0,1,5,,
334,Brenden Bates,HOU/CLE,TE,4,2,2,23,11.5,5.8,19,0,,,0,0,2,0,,
336,Cade Stover,HOU,TE,2,4,4,22,5.5,11.0,10,0,,,0,0,1,13,,
336,Caleb Williams,CHI,QB,10,2,2,22,11.0,2.2,20,1,,,0,0,2,25,,
336,Gage Larvadain,CLE,WR,6,2,6,22,11.0,3.7,14,0,,,0,0,0,6,,
339,Trent Sherfield Sr.,DEN,WR,10,3,4,21,7.0,2.1,15,0,,,0,0,1,14,,
339,Nikko Remigio,KC,WR,10,1,1,21,21.0,2.1,21,0,,,0,0,1,3,,
339,Devin Neal,NO,RB,6,7,7,21,3.0,3.5,10,0,,,0,0,1,29,,
342,Jake Bobo,SEA,WR,6,2,2,20,10.0,3.3,17,0,,,0,0,1,6,,
342,Jared Wayne,HOU,WR,1,2,2,20,10.0,20.0,17,0,,,0,0,1,3,,
344,Tucker Fisk,LAC,TE,9,2,4,19,9.5,2.1,12,0,,,0,0,1,21,,
344,Zamir White,LV,RB,4,3,5,19,6.3,4.8,9,0,,,0,0,0,16,,
346,Taysom Hill,NO,QB,6,3,4,18,6.0,3.0,7,0,,,0,0,0,7,,
346,AJ Dillon,PHI,RB,6,2,2,18,9.0,3.0,11,0,,,1,1,0,9,,
346,Connor Heyward,PIT,TE,10,2,3,18,9.0,1.8,12,1,,,0,0,1,1,,
346,Brevyn Spann-Ford,DAL,TE,10,4,5,18,4.5,1.8,9,0,,,0,0,0,14,,
346,Dylan Laube,LV,RB,10,3,4,18,6.0,1.8,13,0,,,0,0,1,24,,
346,Ray Davis,BUF,RB,10,4,7,18,4.5,1.8,16,1,,,0,0,2,28,,
346,Tip Reiman,ARI,TE,4,3,5,18,6.0,4.5,10,0,,,0,0,1,7,,
353,Braelon Allen,NYJ,RB,4,2,3,17,8.5,4.3,12,0,,,0,0,1,9,,
353,Zaire Mitchell-Paden,BAL/NO,TE,7,2,3,17,8.5,2.4,14,0,,,0,0,1,5,,
355,Andrew Beck,NYJ,FB,10,3,4,16,5.3,1.6,9,1,,,0,0,1,9,,
355,Michael Bandy,DEN,WR,2,1,1,16,16.0,8.0,16,0,,,0,0,1,11,,
357,Brian Robinson Jr.,SF,RB,11,6,8,15,2.5,1.4,4,0,,,0,0,0,20,,
357,Tim Jones,MIN/JAX,WR,4,1,1,15,15.0,3.8,15,0,,,0,0,1,11,,
357,Lucas Krull,DEN,TE,3,2,4,15,7.5,5.0,9,0,,,0,0,0,4,,
357,Xavier Weaver,ARI,WR,5,2,4,15,7.5,3.0,9,0,,,0,0,0,5,,
357,George Holani,SEA,RB,10,2,2,15,7.5,1.5,11,0,,,0,0,1,16,,
357,Rasheen Ali,BAL,RB,9,1,1,15,15.0,1.7,15,0,,,0,0,1,14,,
363,Mason Kinsey,TEN,WR,4,1,3,14,14.0,3.5,14,0,,,0,0,1,2,,
364,Hassan Haskins,LAC,RB,7,4,4,13,3.3,1.9,9,0,,,0,0,0,16,,
365,Eric Saubert,SEA,TE,7,1,1,12,12.0,1.7,12,0,,,0,0,1,6,,
365,Konata Mumpfield,LAR,WR,10,2,5,12,6.0,1.2,7,1,,,0,0,2,7,,
367,Quintin Morris,JAX,TE,7,1,3,11,11.0,1.6,11,0,,,0,0,1,0,,
367,Tahj Washington,MIA,WR,4,1,2,11,11.0,2.8,11,0,,,1,1,0,6,,
369,Kylen Granson,PHI,TE,10,3,4,10,3.3,1.0,5,0,,,0,0,2,4,,
369,Blake Corum,LAR,RB,10,5,10,10,2.0,1.0,14,0,,,0,0,0,22,,
371,Scotty Miller,PIT,WR,7,1,2,9,9.0,1.3,9,0,,,0,0,0,10,,
371,Alex Bachman,LV,WR,8,1,2,9,9.0,1.1,9,0,,,0,0,1,2,,
371,Charlie Woerner,ATL,TE,10,2,3,9,4.5,0.9,14,0,,,0,0,1,9,,
371,Cedrick Wilson Jr.,MIA,WR,4,2,2,9,4.5,2.3,7,0,,,0,0,1,6,,
371,Terrell Jennings,NE,RB,5,1,1,9,9.0,1.8,9,0,,,0,0,0,7,,
371,Anthony Richardson Sr.,IND,QB,2,1,1,9,9.0,4.5,9,0,,,0,0,1,7,,
371,Tai Felton,MIN,WR,10,1,1,9,9.0,0.9,9,0,,,0,0,0,2,,
371,Trevor Etienne,CAR,RB,11,2,2,9,4.5,0.8,7,0,,,0,0,1,8,,
371,Kaleb Johnson,PIT,RB,7,1,2,9,9.0,1.3,9,0,,,0,0,0,14,,
380,Durham Smythe,CHI,TE,10,1,3,8,8.0,0.8,8,0,,,0,0,0,4,,
380,Bryce Oliver,TEN,WR,2,1,1,8,8.0,4.0,8,0,,,0,0,0,2,,
380,Tyler Goodson,IND,RB,5,2,3,8,4.0,1.6,8,0,,,0,0,0,10,,
383,Chris Manhertz,NYG,TE,11,1,1,7,7.0,0.6,7,0,,,0,0,0,6,,
383,Harrison Bryant,HOU,TE,8,2,6,7,3.5,0.9,5,0,,,0,0,1,0,,
385,Antonio Gibson,NE,RB,5,2,3,6,3.0,1.2,5,0,,,0,0,0,16,,
385,Chris Rodriguez Jr.,WSH,RB,9,1,1,6,6.0,0.7,6,0,,,0,0,0,3,,
385,Cam Grandy,CIN,TE,3,1,1,6,6.0,2.0,6,0,,,1,0,0,8,,
388,Andre Baccellia,ARI,WR,1,1,1,5,5.0,5.0,5,0,,,0,0,0,0,,
388,C.J. Ham,MIN,FB,4,1,1,5,5.0,1.3,5,0,,,0,0,0,1,,
388,David Moore,CAR,WR,4,1,1,5,5.0,1.3,5,0,,,0,0,0,0,,
388,Ben Yurosek,MIN,TE,8,1,2,5,5.0,0.6,5,0,,,0,0,0,5,,
388,Jaydon Blue,DAL,RB,4,1,1,5,5.0,1.3,5,0,,,0,0,0,10,,
393,Colson Yankoff,WSH,TE,9,1,1,4,4.0,0.4,4,0,,,0,0,1,3,,
393,Blake Whiteheart,CLE,TE,10,2,3,4,2.0,0.4,4,0,,,1,0,0,1,,
393,Spencer Anderson,PIT,G,10,1,1,4,4.0,0.4,4,0,,,0,0,0,4,,
393,Keleki Latu,BUF,TE,1,1,1,4,4.0,4.0,4,0,,,0,0,0,0,,
397,Derius Davis,LAC,WR,8,1,2,3,3.0,0.4,3,0,,,0,0,0,7,,
397,Scott Matlock,LAC,FB,10,2,2,3,1.5,0.3,2,1,,,0,0,1,3,,
397,Xavier Gipson,NYJ/PHI,WR,5,1,1,3,3.0,0.6,3,0,,,0,0,0,8,,
397,Anthony Gould,IND,WR,8,1,1,3,3.0,0.4,3,0,,,0,0,0,0,,
397,Carter Runyon,LV,TE,6,1,1,3,3.0,0.5,3,0,,,0,0,0,6,,
402,Devin Duvernay,CHI,WR,10,1,3,2,2.0,0.2,2,0,,,0,0,0,0,,
402,Josh Whyle,GB,TE,2,1,1,2,2.0,1.0,2,1,,,0,0,1,0,,
402,Drake Maye,NE,QB,11,1,1,2,2.0,0.2,2,0,,,0,0,0,10,,
405,Robert Tonyan,KC,TE,10,1,1,1,1.0,0.1,1,0,,,0,0,0,0,,
405,David Martin-Robinson,TEN,TE,10,1,1,1,1.0,0.1,1,1,,,0,0,1,0,,
405,KeAndre Lambert-Smith,LAC,WR,6,1,4,1,1.0,0.2,1,0,,,0,0,0,3,,
408,Alex Cappa,LV,G,10,0,1,0,0.0,0.0,0,0,,,0,0,0,0,,
408,Malik Turner,SF,WR,3,0,1,0,0.0,0.0,0,0,,,0,0,0,0,,
408,Ross Dwelley,DET,TE,8,0,1,0,0.0,0.0,0,0,,,0,0,0,0,,
408,Mecole Hardman,BUF,WR,1,0,1,0,0.0,0.0,0,0,,,0,0,0,0,,
408,Trayveon Williams,LAC,RB,2,1,1,0,0.0,0.0,0,0,,,0,0,0,1,,
408,Garett Bolles,DEN,OT,11,0,1,0,0.0,0.0,0,0,,,0,0,0,0,,
408,Brittain Brown,CHI,RB,1,0,1,0,0.0,0.0,0,0,,,0,0,0,0,,
408,Cam Akers,MIN,RB,3,0,1,0,0.0,0.0,0,0,,,0,0,0,0,,
408,Elijah Mitchell,KC,RB,1,0,1,0,0.0,0.0,0,0,,,0,0,0,0,,
408,Dameon Pierce,HOU,RB,4,0,1,0,0.0,0.0,0,0,,,0,0,0,0,,
408,Brayden Willis,SF,TE,5,0,1,0,0.0,0.0,0,0,,,0,0,0,0,,
408,Jack Westover,NE,TE,11,0,1,0,0.0,0.0,0,0,,,0,0,0,0,,
408,Bernhard Raimann,IND,OT,10,0,1,0,0.0,0.0,0,0,,,0,0,0,0,,
408,Justin Fields,NYJ,QB,9,0,1,0,0.0,0.0,0,0,,,0,0,0,0,,
408,Julius Chestnut,TEN,RB,10,0,2,0,0.0,0.0,0,0,,,0,0,0,0,,
408,Payne Durham,TB,TE,10,0,2,0,0.0,0.0,0,0,,,0,0,0,0,,
408,Kevin Austin Jr.,NO,WR,1,0,1,0,0.0,0.0,0,0,,,0,0,0,0,,
408,Bo Nix,DEN,QB,11,0,1,0,0.0,0.0,0,0,,,0,0,0,0,,
408,Spencer Rattler,NO,QB,8,1,2,0,0.0,0.0,0,0,,,0,0,0,0,,
408,Luke Wypler,CLE,C,10,0,1,0,0.0,0.0,0,0,,,0,0,0,0,,
408,Nick Kallerup,SEA,TE,3,0,1,0,0.0,0.0,0,0,,,0,0,0,0,,
408,Mason Tipton,NO,WR,9,0,2,0,0.0,0.0,0,0,,,0,0,0,0,,
408,Jaylen Wright,MIA,RB,4,1,1,0,0.0,0.0,0,0,,,0,0,0,3,,
408,Jason Brownlee,KC,WR,5,0,1,0,0.0,0.0,0,0,,,0,0,0,0,,
408,Drew Ogletree,IND,TE,10,0,1,0,0.0,0.0,0,0,,,0,0,0,0,,
408,DJ Giddens,IND,RB,7,0,2,0,0.0,0.0,0,0,,,0,0,0,0,,
408,Amar Johnson,LAC,RB,2,0,1,0,0.0,0.0,0,0,,,0,0,0,0,,
435,Tank Bigsby,JAX/PHI,RB,10,1,1,-1,-1.0,-0.1,-1,0,,,0,0,0,6,,
435,Connor Colby,SF,G,9,1,1,-1,-1.0,-0.1,-1,0,,,0,0,0,5,,
437,Jaleel McLaughlin,DEN,RB,2,1,2,-5,-5.0,-2.5,0,0,,,0,0,0,1,,
