RK,Name,Team,POS,GP,CMP,ATT,CMP%,YDS,AVG,YDS/G,LNG,TD,INT,SACK,SYL,QBR,RTG
1,Drake Maye,NE,QB,13,276,386,71.5,"3,412",8.8,262.5,72,23,6,40,178,72.8,111.9
2,Dak Prescott,DAL,QB,12,303,437,69.3,"3,261",7.5,271.8,74,25,8,17,105,75.3,102.4
3,Patrick Mahomes,KC,QB,12,285,441,64.6,"3,238",7.3,269.8,61,22,7,27,160,73.1,96.5
4,Matthew Stafford,LAR,QB,12,266,401,66.3,"3,073",7.7,256.1,88,32,4,17,114,67.0,111.7
5,Daniel Jones,IND,QB,12,256,377,67.9,"3,041",8.1,253.4,75,19,7,22,158,64.9,101.3
6,Jared Goff,DET,QB,12,264,378,69.8,"3,025",8.0,252.1,64,25,5,26,170,57.7,110.2
7,Sam Darnold,SEA,QB,12,221,324,68.2,"2,913",9.0,242.8,67,19,10,15,101,64.3,103.1
8,Justin Herbert,LAC,QB,12,265,396,66.9,"2,842",7.2,236.8,60,21,10,38,224,60.5,94.9
9,Josh Allen,BUF,QB,12,243,350,69.4,"2,832",8.1,236.0,54,19,10,28,182,59.1,99.8
10,Jordan Love,GB,QB,12,242,361,67.0,"2,794",7.7,232.8,59,19,3,17,126,72.9,104.3
11,Bo Nix,DEN,QB,12,266,432,61.6,"2,742",6.3,228.5,52,19,9,13,79,54.0,85.8
12,Caleb Williams,CHI,QB,12,230,396,58.1,"2,722",6.9,226.8,65,17,5,19,126,54.8,88.2
13,Trevor Lawrence,JAX,QB,12,236,395,59.7,"2,636",6.7,219.7,50,16,11,32,203,44.5,81.6
14,Baker Mayfield,TB,QB,12,243,387,62.8,"2,600",6.7,216.7,77,19,5,24,165,61.2,93.4
15,Geno Smith,LV,QB,12,253,376,67.3,"2,532",6.7,211.0,61,15,14,46,331,30.8,84.0
16,Jalen Hurts,PHI,QB,12,226,342,66.1,"2,514",7.4,209.5,79,19,2,27,159,54.5,103.9
17,Joe Flacco,CIN/CLE,QB,10,247,410,60.2,"2,451",6.0,245.1,44,15,10,18,118,42.4,79.2
18,Cam Ward,TEN,QB,12,246,412,59.7,"2,351",5.7,195.9,47,7,6,48,362,31.8,75.2
19,Bryce Young,CAR,QB,12,230,363,63.4,"2,337",6.4,194.8,54,18,9,22,162,45.6,87.9
20,Tua Tagovailoa,MIA,QB,12,225,335,67.2,"2,280",6.8,190.0,47,17,14,25,156,40.0,85.9
21,Jacoby Brissett,ARI,QB,9,204,302,67.6,"2,188",7.2,243.1,50,13,4,26,197,42.9,97.4
22,Mac Jones,SF,QB,10,201,289,69.6,"2,151",7.4,215.1,56,13,6,16,108,64.0,97.4
23,Aaron Rodgers,PIT,QB,11,202,310,65.2,"2,086",6.7,189.6,80,19,7,20,130,40.5,95.4
24,Michael Penix Jr.,ATL,QB,9,166,276,60.1,"1,982",7.2,220.2,69,9,3,13,101,57.2,88.5
25,C.J. Stroud,HOU,QB,9,183,277,66.1,"1,978",7.1,219.8,50,11,6,19,168,66.1,91.1
26,Lamar Jackson,BAL,QB,9,147,227,64.8,"1,841",8.1,204.6,45,15,4,27,185,57.9,104.5
27,Spencer Rattler,NO,QB,8,174,256,68.0,"1,586",6.2,198.3,87,8,5,18,104,50.8,86.8
28,Jaxson Dart,NYG,QB,10,145,228,63.6,"1,556",6.8,155.6,44,11,3,23,94,64.7,94.1
29,Marcus Mariota,WSH,QB,8,120,190,63.2,"1,359",7.2,169.9,56,9,6,12,81,57.4,87.1
30,Justin Fields,NYJ,QB,9,128,204,62.7,"1,259",6.2,139.9,42,7,1,27,192,38.6,89.5
31,Carson Wentz,MIN,QB,5,110,169,65.1,"1,216",7.2,243.2,81,6,5,19,125,43.0,85.8
32,Jayden Daniels,WSH,QB,6,105,168,62.5,"1,184",7.0,197.3,50,8,2,17,78,51.2,94.4
33,Brock Purdy,SF,QB,5,106,160,66.3,"1,147",7.2,229.4,45,9,7,4,36,68.5,87.7
34,Tyler Shough,NO,QB,6,107,164,65.2,"1,068",6.5,178.0,62,5,4,14,98,36.5,83.6
35,Kyler Murray,ARI,QB,5,110,161,68.3,962,6.0,192.4,45,6,3,16,111,46.2,88.6
36,Dillon Gabriel,CLE,QB,9,110,185,59.5,937,5.1,104.1,26,7,2,18,125,30.9,80.8
37,J.J. McCarthy,MIN,QB,6,86,159,54.1,929,5.8,154.8,62,6,10,20,112,24.1,57.9
38,Davis Mills,HOU,QB,5,88,150,58.7,879,5.9,175.8,54,5,1,8,60,45.6,83.7
39,Russell Wilson,NYG,QB,6,69,119,58.0,831,7.0,138.5,52,3,3,10,66,25.8,77.4
40,Tyrod Taylor,NYJ,QB,5,79,130,60.8,773,5.9,154.6,52,5,4,14,82,57.5,77.5
41,Jake Browning,CIN,QB,5,81,125,64.8,771,6.2,154.2,64,6,8,9,60,33.4,71.1
42,Kirk Cousins,ATL,QB,5,69,108,63.9,683,6.3,136.6,49,3,1,6,35,34.7,87.1
43,Jameis Winston,NYG,QB,2,37,65,56.9,567,8.7,283.5,42,2,2,3,11,71.7,83.3
44,Joe Burrow,CIN,QB,3,45,82,54.9,450,5.5,150.0,43,4,0,6,33,60.0,86.9
45,Shedeur Sanders,CLE,QB,3,31,61,50.8,405,6.6,135.0,66,2,2,6,64,7.0,69.4
46,Mason Rudolph,PIT,QB,5,38,52,73.1,310,6.0,62.0,28,2,2,2,12,37.6,84.6
47,Cooper Rush,BAL,QB,4,34,52,65.4,303,5.8,75.8,56,0,4,1,16,28.2,48.8
48,Andy Dalton,CAR,QB,4,25,37,67.6,293,7.9,73.3,33,1,1,8,54,12.2,89.1
49,Tyler Huntley,BAL,QB,2,27,37,73.0,254,6.9,127.0,36,1,0,6,31,85.1,100.5
50,Max Brosmer,MIN,QB,5,24,38,63.2,168,4.4,33.6,29,0,4,4,30,6.2,33.6
51,Joe Milton III,DAL,QB,2,6,9,66.7,99,11.0,49.5,35,1,1,0,0,92.5,100.9
52,Trey Lance,LAC,QB,3,7,13,53.8,90,6.9,30.0,28,0,0,2,12,20.9,75.8
53,Teddy Bridgewater,TB,QB,4,8,15,53.3,62,4.1,15.5,32,0,0,2,21,9.0,63.8
54,Mitchell Trubisky,BUF,QB,3,3,6,50.0,54,9.0,18.0,32,0,0,0,0,96.2,81.3
55,Quinn Ewers,MIA,QB,1,5,8,62.5,53,6.6,53.0,40,0,0,2,20,23.9,81.8
56,Tyson Bagent,CHI,QB,3,3,4,75.0,47,11.8,15.7,22,0,0,0,0,11.5,113.5
57,Gunner Olszewski,NYG,WR,13,1,1,100.0,33,33.0,2.5,33,1,0,0,0,100.0,158.3
58,Cam Akers,MIN,RB,3,1,1,100.0,32,32.0,10.7,32,1,0,0,0,100.0,158.3
58,Zach Wilson,MIA,QB,2,6,9,66.7,32,3.6,16.0,11,0,0,0,0,19.2,72.5
60,Taysom Hill,NO,QB,8,1,5,20.0,19,3.8,2.4,19,0,0,0,0,27.7,42.9
61,Drew Lock,SEA,QB,4,2,3,66.7,15,5.0,3.8,11,0,0,0,0,4.8,78.5
62,Malik Willis,GB,QB,2,3,3,100.0,13,4.3,6.5,7,1,0,0,0,100.0,124.3
63,Joshua Dobbs,NE,QB,2,1,2,50.0,12,6.0,6.0,12,0,0,0,0,99.9,68.8
64,Anthony Richardson Sr.,IND,QB,2,1,2,50.0,9,4.5,4.5,9,0,0,0,0,21.1,62.5
65,Kenny Pickett,LV,QB,2,2,3,66.7,8,2.7,4.0,7,0,0,0,0,0.5,70.1
65,Jaylen Waddle,MIA,WR,12,1,1,100.0,8,8.0,0.7,8,0,0,0,0,0.1,100.0
67,Breece Hall,NYJ,RB,12,1,1,100.0,4,4.0,0.3,4,1,0,0,0,100.0,122.9
68,David Montgomery,DET,RB,12,1,2,50.0,3,1.5,0.3,3,1,0,0,0,89.1,95.8
69,DJ Moore,CHI,WR,12,1,1,100.0,2,2.0,0.2,2,1,0,0,0,100.0,118.8
70,Cooper Kupp,SEA,WR,11,0,1,0.0,0,0.0,0.0,0,0,1,0,0,0.0,0.0
70,Derrick Henry,BAL,RB,12,0,1,0.0,0,0.0,0.0,0,0,0,0,0,13.7,39.6
70,Kyle Allen,DET,QB,3,0,2,0.0,0,0.0,0.0,0,0,0,0,0,4.5,39.6
70,Christian McCaffrey,SF,RB,13,0,1,0.0,0,0.0,0.0,0,0,0,0,0,2.4,39.6
70,Courtland Sutton,DEN,WR,12,0,0,0.0,0,0.0,0.0,0,0,0,1,5,0.0,39.6
70,Brett Rypien,CIN,QB,1,0,0,0.0,0,0.0,0.0,0,0,0,1,2,0.0,39.6
70,Cole Kmet,CHI,TE,11,0,1,0.0,0,0.0,0.0,0,0,0,0,0,2.1,39.6
70,Chris Olave,NO,WR,12,0,1,0.0,0,0.0,0.0,0,0,1,0,0,0.0,0.0
70,Tyler Warren,IND,TE,12,0,1,0.0,0,0.0,0.0,0,0,0,0,0,0.0,39.6
70,Joshua Karty,LAR,PK,8,0,1,0.0,0,0.0,0.0,0,0,0,0,0,0.0,39.6
70,RJ Harvey,DEN,RB,12,0,1,0.0,0,0.0,0.0,0,0,0,0,0,20.9,39.6
70,Isaiah Williams,NYJ,WR,10,0,1,0.0,0,0.0,0.0,0,0,0,0,0,1.3,39.6
70,Riley Leonard,IND,QB,1,0,2,0.0,0,0.0,0.0,0,0,0,0,0,0.9,39.6
83,Kedon Slovis,ARI,QB,2,1,2,50.0,-2,-1.0,-1.0,0,0,0,0,0,0.3,56.3
